function out = parula(in)

color_code = [
0.2081	0.1663	0.5292
0.21162381	0.189780952	0.57767619
0.212252381	0.213771429	0.626971429
0.2081	0.2386	0.677085714
0.195904762	0.264457143	0.7279
0.170728571	0.291938095	0.779247619
0.125271429	0.324242857	0.830271429
0.059133333	0.359833333	0.868333333
0.011695238	0.387509524	0.881957143
0.005957143	0.408614286	0.882842857
0.016514286	0.4266	0.878633333
0.032852381	0.443042857	0.871957143
0.049814286	0.458571429	0.864057143
0.062933333	0.473690476	0.855438095
0.072266667	0.488666667	0.8467
0.077942857	0.503985714	0.838371429
0.079347619	0.52002381	0.831180952
0.074942857	0.537542857	0.826271429
0.064057143	0.556985714	0.823957143
0.048771429	0.57722381	0.822828571
0.034342857	0.596580952	0.819852381
0.0265	0.6137	0.8135
0.023890476	0.628661905	0.803761905
0.023090476	0.641785714	0.791266667
0.022771429	0.653485714	0.776757143
0.026661905	0.664195238	0.760719048
0.038371429	0.674271429	0.743552381
0.058971429	0.683757143	0.725385714
0.0843	0.692833333	0.706166667
0.113295238	0.7015	0.685857143
0.145271429	0.709757143	0.664628571
0.180133333	0.717657143	0.642433333
0.217828571	0.725042857	0.619261905
0.258642857	0.731714286	0.595428571
0.302171429	0.737604762	0.571185714
0.348166667	0.742433333	0.547266667
0.395257143	0.7459	0.524442857
0.442009524	0.748080952	0.503314286
0.48712381	0.749061905	0.48397619
0.530028571	0.749114286	0.466114286
0.570857143	0.748519048	0.449390476
0.609852381	0.747314286	0.433685714
0.6473	0.7456	0.4188
0.683419048	0.74347619	0.404433333
0.718409524	0.741133333	0.39047619
0.752485714	0.7384	0.376814286
0.785842857	0.735566667	0.363271429
0.818504762	0.732733333	0.349790476
0.850657143	0.7299	0.336028571
0.882433333	0.727433333	0.3217
0.913933333	0.725785714	0.30627619
0.944957143	0.726114286	0.288642857
0.973895238	0.731395238	0.266647619
0.993771429	0.745457143	0.240347619
0.999042857	0.765314286	0.216414286
0.995533333	0.786057143	0.196652381
0.988	0.8066	0.179366667
0.978857143	0.827142857	0.163314286
0.9697	0.848138095	0.147452381
0.962585714	0.870514286	0.1309
0.958871429	0.8949	0.113242857
0.95982381	0.921833333	0.094838095
0.9661	0.951442857	0.075533333
0.9763	0.9831	0.0538
];

out = color_code(1:in,:);

end